$ 1 0.000005 16.817414165184545 50 5 50 5e-11
R 352 160 352 96 0 0 40 5 0 0 0.5
409 384 224 512 224 1 0.6 -0.3314502723655137 0.023100000000000002 0
w 272 160 352 160 0
g 352 352 352 400 0 0
w 384 208 320 208 0
w 320 208 320 288 0
g 448 256 448 304 0 0
R 448 192 448 144 0 0 40 5 0 0 0.5
R 272 320 176 320 0 1 40 5 2.5 0 0.5
r 352 272 352 160 0 330
r 352 304 352 352 0 4700
w 352 304 320 288 0
w 352 272 352 304 0
w 272 240 384 240 0
r 272 320 272 240 0 10000
r 272 240 272 160 0 10000
w 352 160 432 112 0
w 432 112 528 112 0
368 512 224 512 176 0 2
r 512 224 592 224 0 330
t 592 224 624 224 0 1 -3.5369659412043672 0.4585103644090439 100 default
r 624 208 624 128 0 100000
w 624 128 528 112 0
r 624 240 624 304 0 100000
g 624 304 624 368 0 0
o 8 16 0 4099 10 0.000390625 0 2 8 3
o 18 16 0 4611 5 6.4 0 2 18 3
o 23 16 0 4099 5 0.00009765625 0 2 23 3
